[gd_scene load_steps=33 format=3 uid="uid://b6nldj56f7scf"]

[ext_resource type="PackedScene" uid="uid://bt5e5naxiues3" path="res://3D Assets/Animal/2-Nusa Tenggara/Trenggiling/Trenggiling.tscn" id="1_je3oo"]
[ext_resource type="MeshLibrary" uid="uid://bkxn8ya66buo2" path="res://Tilemap/tilemap_nature_final.tres" id="1_yyqnh"]
[ext_resource type="PackedScene" uid="uid://dnd5jxtkjn50s" path="res://3D Assets/Animal/0-Kalimantan/Bekantan/Bekantan.tscn" id="3_8fwdw"]
[ext_resource type="PackedScene" uid="uid://bppf5ardh8xpn" path="res://3D Assets/Animal/0-Kalimantan/Kijang/Kijang.tscn" id="4_mj0pc"]
[ext_resource type="PackedScene" uid="uid://der5op54h8p2n" path="res://3D Assets/Animal/0-Kalimantan/Bunglon/Bunglon.tscn" id="5_8jv70"]
[ext_resource type="PackedScene" uid="uid://c45i8q7gc43fi" path="res://3D Assets/Animal/0-Kalimantan/Orang Utan/OrangUtan.tscn" id="6_nj4hb"]
[ext_resource type="ArrayMesh" uid="uid://bd2ia5b0tcvwu" path="res://3D Assets/Nature/Trees/rindang/Trees (1)_Cube_104.res" id="7_3hcly"]
[ext_resource type="PackedScene" uid="uid://cafcdq2ua1r8d" path="res://3D Assets/Animal/1-Bali/Jalak Bali/JalakBali.tscn" id="8_1yfgc"]
[ext_resource type="PackedScene" uid="uid://bk6gvo7bgxn0h" path="res://3D Assets/Animal/1-Bali/Anjing Kintamani/anjing_kintamani.tscn" id="9_miqky"]
[ext_resource type="PackedScene" uid="uid://ymr3484lfwl4" path="res://3D Assets/Animal/1-Bali/Rusa/Rusa.tscn" id="10_ju6qh"]
[ext_resource type="PackedScene" uid="uid://2o007uf64l1b" path="res://3D Assets/Animal/2-Nusa Tenggara/Landak/Landak.tscn" id="11_8yuwv"]
[ext_resource type="PackedScene" uid="uid://dnnyrin4ywf5e" path="res://3D Assets/Animal/2-Nusa Tenggara/Komodo/Komodo.tscn" id="12_iriub"]
[ext_resource type="ArrayMesh" uid="uid://d3lugnjvcbe6q" path="res://3D Assets/Nature/Trees/gundul/Trees (1)_Cube_181.res" id="13_dnpo3"]
[ext_resource type="ArrayMesh" uid="uid://6ywxycn6716p" path="res://3D Assets/Nature/Trees/rindang/Trees (1)_Cube_176.res" id="14_lf5q7"]
[ext_resource type="PackedScene" uid="uid://dh2wp603p03k7" path="res://3D Assets/Animal/6-Sumatera/Harimau Sumatera/Harimau sumatera.tscn" id="15_hiawu"]
[ext_resource type="PackedScene" uid="uid://sq238bgldex5" path="res://3D Assets/Animal/6-Sumatera/Bunga Raflesia/Bunga Raflesia.tscn" id="16_2pjmi"]
[ext_resource type="PackedScene" uid="uid://dcef2mv6yga7r" path="res://3D Assets/Animal/6-Sumatera/Tarsius/Tarsius.tscn" id="17_60taa"]
[ext_resource type="PackedScene" uid="uid://dvtlckltq6aix" path="res://3D Assets/Animal/5-Sulawesi/Anoa/Anoa.tscn" id="19_40n2m"]
[ext_resource type="PackedScene" uid="uid://cw2edqwyx5hne" path="res://3D Assets/Animal/5-Sulawesi/Babirusa/Babirusa.tscn" id="20_1nne3"]
[ext_resource type="PackedScene" uid="uid://p0rt1lboopyr" path="res://3D Assets/Animal/5-Sulawesi/Burung Maleo/Burung Maleo.tscn" id="21_ypyo2"]
[ext_resource type="PackedScene" uid="uid://b10tgxrru3ml7" path="res://3D Assets/Animal/5-Sulawesi/Rangkong Gading/RangkongGading.tscn" id="22_p6y5h"]
[ext_resource type="PackedScene" uid="uid://dy60x7sqkbkua" path="res://3D Assets/Animal/4-Jawa/Badak Jawa/Badak Jawa.tscn" id="22_ynxrf"]
[ext_resource type="PackedScene" uid="uid://cp8rsimp3ewas" path="res://3D Assets/Animal/4-Jawa/Burung Merak/Burung Merak.tscn" id="23_x861o"]
[ext_resource type="PackedScene" uid="uid://ciw3lrpja7upa" path="res://3D Assets/Animal/4-Jawa/Elang Jawa/Elang Jawa.tscn" id="24_7ms6a"]
[ext_resource type="PackedScene" uid="uid://dlweijua58o1u" path="res://3D Assets/Animal/3-Papua/Burung Cendrawasih/Cendrawasih.tscn" id="25_3nii7"]
[ext_resource type="PackedScene" uid="uid://bcxy3h7ehkskm" path="res://3D Assets/Animal/3-Papua/Dingiso/Dingiso.tscn" id="26_n4ia3"]
[ext_resource type="PackedScene" uid="uid://dwr5pau25icau" path="res://3D Assets/Animal/3-Papua/Kangguru Pohon Mantel Emas/KanguruPohonMantelEmas.tscn" id="27_38xnj"]
[ext_resource type="PackedScene" uid="uid://d1xcahstqcf7l" path="res://3D Assets/Animal/3-Papua/Kasuari/Kasuari.tscn" id="28_r0ppa"]

[sub_resource type="CompressedTexture2D" id="CompressedTexture2D_ifd1j"]
load_path = "res://.godot/imported/photo-1513002749550-c59d786b8e6c.jpeg-8834f52b9f02c73ce99fcd364c504b1b.s3tc.ctex"

[sub_resource type="PanoramaSkyMaterial" id="PanoramaSkyMaterial_lhuap"]
panorama = SubResource("CompressedTexture2D_ifd1j")

[sub_resource type="Sky" id="Sky_rm3o6"]
sky_material = SubResource("PanoramaSkyMaterial_lhuap")

[sub_resource type="Environment" id="Environment_i5253"]
background_mode = 2
sky = SubResource("Sky_rm3o6")
sky_custom_fov = 40.0
ambient_light_color = Color(0.305882, 0.513726, 0.541176, 1)
tonemap_mode = 2
tonemap_exposure = 0.7
sdfgi_energy = 0.1
volumetric_fog_emission = Color(0, 0.631373, 0, 1)
volumetric_fog_detail_spread = 6.0

[node name="Hewan Photo Studio" type="Node3D"]

[node name="GridMap" type="GridMap" parent="."]
transform = Transform3D(0.0958458, 0, 0.995396, 0, 1, 0, -0.995396, 0, 0.0958458, 0, 0, 0)
mesh_library = ExtResource("1_yyqnh")
cell_size = Vector3(1.3, 1.3, 1.3)
data = {
"cells": PackedInt32Array(-65540, 65530, 3, -65540, 65531, 3, -65539, 65531, 0, -65539, 65532, 0, -65539, 65533, 0, -65539, 65534, 0, -65539, 65535, 0, -65539, 65530, 0, -65539, 65529, 0, -65538, 65532, 0, -65538, 65534, 0, -65538, 65535, 0, -65538, 65533, 0, -65538, 65531, 0, -65538, 65530, 0, -65538, 65529, 0, -65538, 65528, 0, -65538, 65527, 0, -65537, 65528, 0, -65537, 65530, 0, -65537, 65533, 0, -65537, 65535, 0, -65537, 65534, 0, -65537, 65532, 0, -65537, 65531, 0, -131072, 65530, 0, -131072, 65529, 0, -131072, 65531, 0, -131072, 65532, 0, -131072, 65533, 0, -131072, 65534, 1, -131072, 65535, 1, -65545, 65526, 3, -65545, 65527, 3, -65545, 65528, 3, -65545, 65529, 3, -65545, 65530, 3, -65545, 65531, 3, -65545, 65532, 3, -65545, 65533, 3, -65545, 65534, 3, -65545, 65535, 3, -65545, 0, 3, -65545, 1, 3, -65545, 2, 3, -65545, 3, 3, -65545, 4, 3, -65545, 5, 3, -65544, 65526, 3, -65544, 65527, 3, -65544, 65528, 3, -65544, 65529, 3, -65544, 65530, 3, -65544, 65531, 3, -65544, 65532, 3, -65544, 65533, 3, -65544, 65534, 3, -65544, 65535, 3, -65544, 0, 3, -65544, 1, 3, -65544, 2, 3, -65544, 3, 3, -65544, 4, 3, -65544, 5, 3, -65543, 65526, 3, -65543, 65527, 3, -65543, 65528, 3, -65543, 65529, 3, -65543, 65530, 3, -65543, 65531, 3, -65543, 65532, 3, -65543, 65533, 3, -65543, 65534, 3, -65543, 65535, 3, -65543, 0, 3, -65543, 1, 3, -65543, 2, 3, -65543, 3, 3, -65543, 4, 3, -65543, 5, 3, -65542, 65526, 3, -65542, 65527, 3, -65542, 65528, 3, -65542, 65529, 3, -65542, 65530, 3, -65542, 65531, 3, -65542, 65532, 3, -65542, 65533, 3, -65542, 65534, 3, -65542, 65535, 3, -65542, 0, 3, -65542, 1, 3, -65542, 2, 3, -65542, 3, 3, -65542, 4, 3, -65542, 5, 3, -65541, 65526, 3, -65541, 65527, 3, -65541, 65528, 3, -65541, 65529, 3, -65541, 65530, 3, -65541, 65531, 3, -65541, 65532, 3, -65541, 65533, 3, -65541, 65534, 3, -65541, 65535, 3, -65541, 0, 3, -65541, 1, 3, -65541, 2, 3, -65541, 3, 3, -65541, 4, 3, -65541, 5, 3, -65540, 65526, 3, -65540, 65527, 3, -65540, 65528, 3, -65540, 65529, 3, -65540, 65532, 3, -65540, 65533, 3, -65540, 65534, 3, -65540, 65535, 3, -65540, 0, 3, -65540, 1, 3, -65540, 2, 3, -65540, 3, 3, -65540, 4, 3, -65540, 5, 3, -65539, 65526, 0, -65539, 65527, 0, -65539, 65528, 0, -65539, 0, 0, -65539, 1, 0, -65539, 2, 1, -65539, 3, 1, -65539, 4, 1, -65539, 5, 1, -65538, 65526, 0, -65538, 0, 0, -65538, 1, 1, -65538, 2, 1, -65538, 3, 1, -65538, 4, 1, -65538, 5, 0, -65537, 65526, 0, -65537, 65527, 0, -65537, 65529, 0, -65537, 0, 1, -65537, 1, 0, -65537, 2, 1, -65537, 3, 1, -65537, 4, 1, -65537, 5, 0, -131072, 65526, 0, -131072, 65527, 0, -131072, 65528, 0, -131072, 0, 0, -131072, 1, 0, -131072, 2, 1, -131072, 3, 1, -131072, 4, 0, -131072, 5, 0, -131071, 65526, 0, -131071, 65527, 0, -131071, 65528, 0, -131071, 65529, 0, -131071, 65530, 0, -131071, 65531, 0, -131071, 65532, 0, -131071, 65533, 1, -131071, 65534, 1, -131071, 65535, 0, -131071, 0, 0, -131071, 1, 0, -131071, 2, 1, -131071, 3, 0, -131071, 4, 0, -131071, 5, 0, -131070, 65526, 0, -131070, 65527, 0, -131070, 65528, 0, -131070, 65529, 0, -131070, 65530, 0, -131070, 65531, 0, -131070, 65532, 0, -131070, 65533, 1, -131070, 65534, 0, -131070, 65535, 0, -131070, 0, 0, -131070, 1, 0, -131070, 2, 0, -131070, 3, 0, -131070, 4, 0, -131070, 5, 0, -65550, 65525, 4, -65550, 65526, 4, -65550, 65527, 4, -65550, 65528, 4, -65550, 65529, 4, -65550, 65530, 4, -65550, 65531, 4, -65550, 65532, 4, -65550, 65533, 4, -65550, 65534, 4, -65550, 65535, 4, -65550, 0, 4, -65550, 1, 4, -65550, 2, 4, -65550, 3, 4, -65550, 4, 4, -65550, 5, 4, -65549, 65525, 4, -65549, 65526, 4, -65549, 65527, 4, -65549, 65528, 4, -65549, 65529, 4, -65549, 65530, 4, -65549, 65531, 4, -65549, 65532, 4, -65549, 65533, 4, -65549, 65534, 4, -65549, 65535, 4, -65549, 0, 4, -65549, 1, 4, -65549, 2, 4, -65549, 3, 4, -65549, 4, 4, -65549, 5, 4, -65548, 65525, 4, -65548, 65526, 4, -65548, 65527, 4, -65548, 65528, 4, -65548, 65529, 4, -65548, 65530, 4, -65548, 65531, 4, -65548, 65532, 4, -65548, 65533, 4, -65548, 65534, 4, -65548, 65535, 4, -65548, 0, 4, -65548, 1, 4, -65548, 2, 4, -65548, 3, 4, -65548, 4, 4, -65548, 5, 4, -65547, 65525, 4, -65547, 65526, 4, -65547, 65527, 4, -65547, 65528, 4, -65547, 65529, 4, -65547, 65530, 4, -65547, 65531, 4, -65547, 65532, 4, -65547, 65533, 4, -65547, 65534, 4, -65547, 65535, 4, -65547, 0, 4, -65547, 1, 4, -65547, 2, 4, -65547, 3, 4, -65547, 4, 4, -65547, 5, 4, -65546, 65525, 4, -65546, 65526, 4, -65546, 65527, 4, -65546, 65528, 4, -65546, 65529, 4, -65546, 65530, 4, -65546, 65531, 4, -65546, 65532, 4, -65546, 65533, 4, -65546, 65534, 4, -65546, 65535, 4, -65546, 0, 4, -65546, 1, 4, -65546, 2, 4, -65546, 3, 4, -65546, 4, 4, -65546, 5, 4, -65545, 65525, 3, -65544, 65525, 3, -65543, 65525, 3, -65542, 65525, 3, -65541, 65525, 3, -65540, 65525, 3, -65551, 65525, 4, -65551, 65526, 4, -65551, 65527, 4, -65551, 65528, 4, -65551, 65529, 4, -65551, 65530, 4, -65551, 65531, 4, -65551, 65532, 4, -65551, 65533, 4, -65551, 65534, 4, -65551, 65535, 4, -65551, 0, 4, -65551, 1, 4, -65551, 2, 4, -65551, 3, 4, -65551, 4, 4, -65551, 5, 4, -3, 65533, 0, -2, 65533, 0, -65535, 65533, 0, -65536, 65533, 0, -1, 65533, 0, -65534, 65533, 0, -9, 65533, 3, -8, 65533, 3, -4, 65533, 3, -5, 65533, 3, -6, 65533, 3, -7, 65533, 3, 65527, 65533, 3, 131063, 65533, 3, 131064, 65533, 3, 131065, 65533, 3, 65529, 65533, 3, 65530, 65533, 3, 65531, 65533, 3, 65532, 65533, 3, 131067, 65533, 3, 131066, 65533, 3, 131068, 65533, 3, 65528, 65533, 3, -10, 65533, 4, 65526, 65533, 4, 131062, 65533, 4, 131061, 65533, 4, 131060, 65533, 4, 65523, 65533, 4, 65522, 65533, 4, -14, 65533, 4, -13, 65533, 4, -12, 65533, 4, 65525, 65533, 4, 65524, 65533, 4, -11, 65533, 4, 131059, 65533, 4, 131058, 65533, 4, 131057, 65533, 4, 65521, 65533, 4, 65520, 65533, 4, -16, 65533, 4, -15, 65533, 4, -3, 65532, 1, 65533, 65532, 1, 131069, 65532, 1, 131070, 65532, 1, 196606, 65532, 1, 196607, 65532, 1, 131071, 65532, 1, 65535, 65532, 1, 65534, 65532, 1, 0, 65532, 1, 65536, 65532, 1, 65537, 65532, 1, 1, 65532, 1, 2, 65532, 1, 65538, 65532, 1, 131074, 65532, 1, 131073, 65532, 1, 131072, 65532, 1, -131075, 6, 0, -131074, 6, 0, -131073, 6, 0, -196608, 6, 0, -196607, 6, 0, -196606, 6, 0, -196606, 7, 0, -196607, 7, 0, -196607, 8, 0, -196608, 8, 0, -196608, 7, 0, -131073, 7, 0, -131073, 8, 0, -131074, 7, 0, -131074, 8, 0, -196607, 9, 0, -196608, 9, 0, -131073, 9, 0, -131074, 9, 0, -65533, 5, 0, -65532, 4, 0, -65532, 3, 0, -65532, 65531, 0, -65532, 65530, 0, -65533, 65530, 0, -65533, 65529, 0, -65533, 65531, 0, -65533, 65532, 0, -131069, 5, 0, -131068, 5, 0, -131067, 5, 0, -131067, 4, 0, -131066, 4, 0, -131066, 3, 0, -131065, 3, 0, -131065, 2, 0, -131064, 2, 0, -131064, 1, 0, -131065, 1, 0, -131065, 0, 0, -131065, 65535, 0, -131066, 65535, 0, -131066, 0, 0, -131066, 1, 0, -131067, 2, 0, -131067, 3, 0, -131067, 1, 0, -131067, 0, 0, -131067, 65535, 0, -131067, 65534, 1, -131067, 65533, 0, -131067, 65532, 0, -131067, 65529, 0, -131067, 65528, 0, -131067, 65527, 0, -131066, 65530, 0, -131066, 65532, 0, -131065, 65533, 0, -131065, 65534, 1, -131064, 65535, 0, -131064, 0, 0, -131066, 65533, 0, -131066, 2, 0, -131069, 65532, 0, -131069, 65533, 0, -131069, 65534, 0, -131069, 65535, 0, -131069, 0, 0, -131069, 1, 0, -131069, 2, 0, -131063, 65526, 0, -131063, 65525, 0, -131063, 65524, 0, -131064, 65524, 0, -131064, 65525, 0, -131064, 65526, 0, -131064, 65527, 0, -131064, 65528, 0, -131064, 65532, 0, -131064, 65533, 0, -131064, 65534, 0, -131064, 65523, 0, -131064, 65522, 0, -131065, 65524, 0, -131065, 65525, 0, -131065, 65526, 0, -131065, 65528, 0, -131065, 65529, 0, -131063, 65521, 0, -131063, 65520, 0, -131062, 65520, 0, -131061, 65521, 0, -131060, 65522, 0, -131059, 65522, 0, -131058, 65523, 0, -131058, 65524, 0, -131058, 65525, 0, -131058, 65526, 0, -131058, 65527, 0, -131059, 65528, 0, -131059, 65530, 0, -131060, 65531, 0, -131061, 65534, 0, -131062, 65535, 0, -131062, 0, 0, -131062, 1, 0, -131063, 1, 0, -131063, 2, 0, -131063, 0, 0, -131063, 65534, 0, -131063, 65532, 0, -131064, 65531, 0, -131062, 65524, 0, -131062, 65523, 0, -131061, 65523, 0, -131061, 65522, 0, -131061, 65525, 0, -131061, 65526, 0, -131062, 65528, 0, -131062, 65530, 0, -131062, 65531, 0, -131062, 65532, 0, -131062, 65534, 0, -131063, 65535, 0, -131062, 65529, 0, -131062, 65527, 0, -131062, 65525, 0, -131060, 65520, 0, -131060, 65518, 0, -131060, 65517, 0, -131060, 65516, 0, -131059, 65516, 0, -131061, 65517, 0, -131061, 65518, 0, -131062, 65519, 0, -131065, 65527, 0, -131062, 65522, 0, -131061, 65520, 0, -131061, 65519, 0, -131060, 65519, 0, -131062, 65521, 0, -131063, 65522, 0, -131063, 65523, 0, -131062, 2, 0, -131061, 2, 0, -131061, 3, 0, -131062, 3, 0, -131061, 1, 0, -131061, 0, 0, -131061, 65535, 0, -131060, 65535, 0, -131060, 65534, 0, -131060, 65533, 0, -131059, 65533, 0, -131059, 65532, 0, -131058, 65531, 0, -131058, 65530, 0, -131058, 65529, 0, -131057, 65529, 0, -131057, 65530, 0, -131065, 65519, 0, -131064, 65518, 0, -131064, 65517, 0, -131063, 65516, 0, -131062, 65515, 0, -131061, 65515, 0, -131061, 65516, 0, -131058, 65517, 0, -131057, 65517, 0, -131057, 65518, 0, -131056, 65519, 0, -131057, 65519, 0, -131057, 65520, 0, -131058, 65521, 0, -131059, 65521, 0, -131060, 65521, 0, -131064, 65520, 0, -131064, 65519, 0, -131063, 65519, 0, -131064, 65521, 0, -131065, 65523, 0, -131066, 65527, 0, -131066, 65524, 0, -131066, 65521, 0, -131065, 65520, 0, -131065, 65518, 0, -131065, 65517, 0, -131064, 65515, 0, -131064, 65514, 0, -131064, 65513, 0, -131064, 65512, 0, -131063, 65512, 0, -131063, 65511, 0, -131062, 65510, 0, -131062, 65511, 0, -131061, 65511, 0, -131059, 65511, 0, -131057, 65511, 0, -131056, 65511, 0, -131055, 65512, 0, -131054, 65512, 0, -131053, 65512, 0, -131053, 65513, 0, -131052, 65512, 0, -131052, 65513, 0, -131051, 65513, 0, -131051, 65515, 0, -131052, 65517, 0, -131052, 65519, 0, -131053, 65520, 0, -131053, 65521, 0, -131054, 65524, 0, -131055, 65525, 0, -131056, 65527, 0, -131056, 65528, 0, -131057, 65528, 0, -131057, 65527, 0, -131056, 65524, 0, -131055, 65521, 0, -131054, 65518, 0, -131054, 65516, 0, -131053, 65514, 0, -131053, 65511, 0, -131052, 65507, 0, -131052, 65505, 0, -131051, 65504, 0, -131051, 65502, 0, -131051, 65503, 0, -131052, 65503, 0, -131060, 65515, 0, -131060, 65514, 0, -131060, 65513, 0, -131060, 65512, 0, -131061, 65513, 0, -131066, 65522, 0, -131067, 65523, 0, -131065, 65521, 0, -131062, 65517, 0, -131063, 65517, 0, -131063, 65518, 0, -131065, 65522, 0, -131066, 65523, 0, -131067, 65522, 0, -131067, 65520, 0, -131067, 65519, 0, -131067, 65517, 0, -131066, 65515, 0, -131066, 65513, 0, -131066, 65514, 0, -131064, 65516, 0, -131059, 65518, 0, -131058, 65518, 0, -131057, 65524, 0, -131066, 65534, 1)
}
metadata/_editor_floor_ = Vector3(0, -2, -4)

[node name="DirectionalLight3D" type="DirectionalLight3D" parent="."]
transform = Transform3D(0.0248617, -0.602311, 0.797875, 0.1299, 0.793301, 0.594811, -0.991215, 0.0888556, 0.0979627, 0, 10.8316, 0)
shadow_enabled = true

[node name="Camera3D" type="Camera3D" parent="."]
transform = Transform3D(-0.23612, -0.143503, 0.961069, 0.176117, 0.966336, 0.187559, -0.955631, 0.213547, -0.202898, 5.57507, 0.38792, 1.04652)
fov = 103.458

[node name="Trenggiling2" parent="." instance=ExtResource("1_je3oo")]
transform = Transform3D(1, 0, 0, 0, 1, 0, 0, 0, 1, 0.987199, -0.630405, 0.0234652)
visible = false

[node name="Bekantan" parent="." instance=ExtResource("3_8fwdw")]
transform = Transform3D(0.730258, 0, 0.683172, 0, 1, 0, -0.683172, 0, 0.730258, 0, -0.187805, 0)
visible = false

[node name="Kijang" parent="." instance=ExtResource("4_mj0pc")]
transform = Transform3D(0.99316, 0, 0.116757, 0, 1, 0, -0.116757, 0, 0.99316, 3.30735, -0.234211, 0)
visible = false

[node name="Bunglon" parent="." instance=ExtResource("5_8jv70")]
transform = Transform3D(1, 0, 0, 0, 1, 0, 0, 0, 1, -3.09823, 0.286904, 0.00222635)
visible = false

[node name="Orang Utan" parent="." instance=ExtResource("6_nj4hb")]
transform = Transform3D(-0.124606, 0, 0.992206, 0, 1, 0, -0.992206, 0, -0.124606, 4.80788, 7.30474, 1.86776)
visible = false

[node name="pohon" type="MeshInstance3D" parent="."]
transform = Transform3D(1, 0, 0, 0, 1, 0, 0, 0, 1, 4.26813, 0, 0)
visible = false
mesh = ExtResource("7_3hcly")

[node name="Jalak Bali" parent="." instance=ExtResource("8_1yfgc")]
transform = Transform3D(0.567154, 0, 0.823612, 0, 1, 0, -0.823612, 0, 0.567154, 5.33525, -0.951196, 1.71144)
visible = false

[node name="Anjing Kintamani" parent="." instance=ExtResource("9_miqky")]
transform = Transform3D(1, 0, 0, 0, 1, 0, 0, 0, 1, -0.00703931, -0.418772, 6.13669)
visible = false

[node name="Rusa" parent="." instance=ExtResource("10_ju6qh")]
transform = Transform3D(1, 0, 0, 0, 1, 0, 0, 0, 1, -0.494073, 1.21898, 0)
visible = false

[node name="Landak" parent="." instance=ExtResource("11_8yuwv")]
transform = Transform3D(0.438638, 0, 0.898664, 0, 1, 0, -0.898664, 0, 0.438638, 0, -0.550536, 6.30917)
visible = false

[node name="Komodo" parent="." instance=ExtResource("12_iriub")]
transform = Transform3D(1, 0, 0, 0, 1, 0, 0, 0, 1, 0, -0.567518, 7.04644)
visible = false

[node name="Trees(1)Cube181" type="MeshInstance3D" parent="."]
transform = Transform3D(1, 0, 0, 0, 1, 0, 0, 0, 1, -1.09262, -0.843886, -1.71471)
mesh = ExtResource("13_dnpo3")

[node name="Trees(1)Cube183" type="MeshInstance3D" parent="."]
transform = Transform3D(0.598814, 0, 0.800888, 0, 1, 0, -0.800888, 0, 0.598814, 2.25082, -0.843886, 2.18971)
mesh = ExtResource("13_dnpo3")

[node name="Trees(1)Cube182" type="MeshInstance3D" parent="."]
transform = Transform3D(1, 0, 0, 0, 1, 0, 0, 0, 1, 0.37662, -0.843886, -2.41396)
visible = false
mesh = ExtResource("13_dnpo3")

[node name="Trees(1)Cube176" type="MeshInstance3D" parent="."]
transform = Transform3D(0.770257, 0, 0.637733, 0, 1, 0, -0.637733, 0, 0.770257, -2.95785, -0.965976, -1.6071)
mesh = ExtResource("14_lf5q7")

[node name="Trees(1)Cube180" type="MeshInstance3D" parent="."]
transform = Transform3D(0.770257, 0, 0.637733, 0, 1, 0, -0.637733, 0, 0.770257, 2.49193, -0.965976, 4.4459)
mesh = ExtResource("14_lf5q7")

[node name="Trees(1)Cube184" type="MeshInstance3D" parent="."]
transform = Transform3D(-0.526867, 0, 0.849948, 0, 1, 0, -0.849948, 0, -0.526867, -0.899395, -0.965976, 2.96447)
mesh = ExtResource("14_lf5q7")

[node name="Trees(1)Cube185" type="MeshInstance3D" parent="."]
transform = Transform3D(-0.526867, 0, 0.849948, 0, 1, 0, -0.849948, 0, -0.526867, 4.08788, -0.965976, 5.57655)
mesh = ExtResource("14_lf5q7")

[node name="Trees(1)Cube178" type="MeshInstance3D" parent="."]
transform = Transform3D(0.770257, 0, 0.637733, 0, 1, 0, -0.637733, 0, 0.770257, 0.483959, -0.965976, -12.8849)
mesh = ExtResource("14_lf5q7")

[node name="Trees(1)Cube179" type="MeshInstance3D" parent="."]
transform = Transform3D(0.770257, 0, 0.637733, 0, 1, 0, -0.637733, 0, 0.770257, 4.53051, -0.4861, -10.6401)
mesh = ExtResource("14_lf5q7")

[node name="Trees(1)Cube177" type="MeshInstance3D" parent="."]
transform = Transform3D(0.892292, 0.00253072, -0.451452, -0.00225815, 0.999997, 0.00114251, 0.451454, 0, 0.892294, 3.32479, -0.965976, 1.09633)
visible = false
mesh = ExtResource("14_lf5q7")

[node name="Harimau Sumatera" parent="." instance=ExtResource("15_hiawu")]
transform = Transform3D(-0.447119, 0, 0.894474, 0, 1, 0, -0.894474, 0, -0.447119, 1.44455, -0.280889, 0.088768)
visible = false

[node name="Bunga Rafflesia" parent="." instance=ExtResource("16_2pjmi")]
transform = Transform3D(0.810236, 0.586104, 0, -0.586104, 0.810236, 0, 0, 0, 1, -0.966231, -0.074066, -1.4479)
visible = false

[node name="Tarsius" parent="." instance=ExtResource("17_60taa")]
transform = Transform3D(0.817205, -0.0404949, 0.574922, 0.0317407, 0.999177, 0.0252607, -0.575472, -0.00239477, 0.817818, -0.610318, 1.56867, -1.95123)
visible = false

[node name="DirectionalLight3D2" type="DirectionalLight3D" parent="."]
transform = Transform3D(1, 0, 0, 0, 0.668871, 0.743378, 0, -0.743378, 0.668871, 0, 6.10861, 0)
shadow_enabled = true
shadow_bias = 6.059

[node name="WorldEnvironment" type="WorldEnvironment" parent="."]
environment = SubResource("Environment_i5253")

[node name="Anoa" parent="." instance=ExtResource("19_40n2m")]
transform = Transform3D(0.970963, 0, 0.239228, 0, 1, 0, -0.239228, 0, 0.970963, 2.5345, -0.370265, -2.10573)
visible = false

[node name="Babirusa2" parent="." instance=ExtResource("20_1nne3")]
transform = Transform3D(-0.473151, 0, 0.880982, 0, 1, 0, -0.880982, 0, -0.473151, 4.58447, -1.16994, -0.413416)
visible = false

[node name="Burung Maleo" parent="." instance=ExtResource("21_ypyo2")]
transform = Transform3D(1, 0, 0, 0, 0.998176, -0.0603691, 0, 0.0603691, 0.998176, 3.84756, 0.76207, -5.22438)
visible = false

[node name="Rangkong Gading" parent="." instance=ExtResource("22_p6y5h")]
transform = Transform3D(0.94908, 0, 0.315036, 0, 1, 0, -0.315036, 0, 0.94908, 4.38265, 0.064516, -0.521375)
visible = false

[node name="Badak Jawa" parent="." instance=ExtResource("22_ynxrf")]
transform = Transform3D(1, 0, 0, 0, 1, 0, 0, 0, 1, 3.77635, -0.305219, -2.10941)
visible = false

[node name="Burung Merak" parent="." instance=ExtResource("23_x861o")]
transform = Transform3D(-0.628615, 0, 0.777717, 0, 1, 0, -0.777717, 0, -0.628615, 3.02635, -0.212854, 0.697205)
visible = false

[node name="Elang Jawa" parent="." instance=ExtResource("24_7ms6a")]
transform = Transform3D(1, 0, 0, 0, 1, 0, 0, 0, 1, 2.95444, 6.30909, -2.31911)
visible = false

[node name="Burung Cendrawasih" parent="." instance=ExtResource("25_3nii7")]
transform = Transform3D(1, 0, 0, 0, 1, 0, 0, 0, 1, 2.68989, 2.48397, -5.74034)
visible = false

[node name="Dingiso" parent="." instance=ExtResource("26_n4ia3")]
transform = Transform3D(0.980536, 0, 0.19634, 0, 1, 0, -0.19634, 0, 0.980536, 4.91446, -0.37501, -2)

[node name="Kanguru Pohon Mantel Emas" parent="." instance=ExtResource("27_38xnj")]
transform = Transform3D(0.921789, 0, 0.387693, 0, 1, 0, -0.387693, 0, 0.921789, 6, -0.574602, 2)
visible = false

[node name="Kasuari" parent="." instance=ExtResource("28_r0ppa")]
transform = Transform3D(-0.844646, 0, 0.535326, 0, 1, 0, -0.535326, 0, -0.844646, 3.2471, -9.53674e-07, 2.18981)
