[gd_resource type="Skin" format=3 uid="uid://d1xv6lsbb0ww1"]

[resource]
resource_name = "Skin"
bind_count = 25
bind/0/name = &"mixamorig_Hips"
bind/0/bone = -1
bind/0/pose = Transform3D(1, 0, 0, 0, 1, 2.38419e-07, 0, -1.62921e-07, 1, 0, -0.5174, 2.13163e-14)
bind/1/name = &"mixamorig_Spine"
bind/1/bone = -1
bind/1/pose = Transform3D(1, 0, 0, 0, 0.999552, -0.029926, 0, 0.029926, 0.999552, 0, -0.599406, -0.0154449)
bind/2/name = &"mixamorig_Spine1"
bind/2/bone = -1
bind/2/pose = Transform3D(1, 0, 0, 0, 0.999552, -0.0299259, 0, 0.029926, 0.999552, 0, -0.695306, -0.0154449)
bind/3/name = &"mixamorig_Spine2"
bind/3/bone = -1
bind/3/pose = Transform3D(1, 0, 0, 0, 0.999552, -0.0299259, 0, 0.029926, 0.999552, 0, -0.804906, -0.0154449)
bind/4/name = &"mixamorig_Neck"
bind/4/bone = -1
bind/4/pose = Transform3D(1, 0, 0, 0, 1, 2.6077e-07, 0, -1.84402e-07, 1, 0, -0.928253, 0.0123398)
bind/5/name = &"mixamorig_Head"
bind/5/bone = -1
bind/5/pose = Transform3D(1, 0, 0, 0, 1, 2.40276e-07, 0, -1.63908e-07, 1, 0, -0.994453, 0.0155397)
bind/6/name = &"mixamorig_HeadTop_End"
bind/6/bone = -1
bind/6/pose = Transform3D(1, 0, 0, 0, 1, 2.40276e-07, 0, -1.63908e-07, 1, 0, -1.90225, 0.0596397)
bind/7/name = &"mixamorig_LeftShoulder"
bind/7/bone = -1
bind/7/pose = Transform3D(0.0370025, -0.0301627, -0.99886, 0.95919, -0.279325, 0.0439679, -0.280333, -0.959723, 0.0185959, 0.0157197, 0.176916, 0.891363)
bind/8/name = &"mixamorig_LeftArm"
bind/8/bone = -1
bind/8/pose = Transform3D(1.34067e-09, 0.0137384, -0.999906, 1, -9.12922e-08, 1.36594e-07, -2.97867e-08, -0.999906, -0.0137384, -0.013174, -0.238442, 0.858997)
bind/9/name = &"mixamorig_LeftForeArm"
bind/9/bone = -1
bind/9/pose = Transform3D(2.40864e-09, 0.0174918, -0.999847, 1, -6.14899e-08, 1.38072e-07, 4.21415e-11, -0.999847, -0.0174918, -0.0163985, -0.480142, 0.858941)
bind/10/name = &"mixamorig_LeftHand"
bind/10/bone = -1
bind/10/pose = Transform3D(2.40864e-09, 0.0174918, -0.999847, 1, -6.14899e-08, 1.38072e-07, 4.21379e-11, -0.999847, -0.0174918, -0.0163985, -0.673442, 0.858941)
bind/11/name = &"mixamorig_RightShoulder"
bind/11/bone = -1
bind/11/pose = Transform3D(-0.0543845, 0.0296637, 0.998079, -0.959222, -0.279213, -0.043969, 0.277372, -0.959771, 0.0436389, -0.0152599, 0.175725, 0.891689)
bind/12/name = &"mixamorig_RightArm"
bind/12/bone = -1
bind/12/pose = Transform3D(6.6927e-08, 0.0618013, 0.998088, -1, 1.40726e-07, -1.38415e-07, 4.14409e-09, -0.998088, 0.0618011, -0.0299011, -0.238447, 0.85889)
bind/13/name = &"mixamorig_RightForeArm"
bind/13/bone = -1
bind/13/pose = Transform3D(4.81591e-08, 0.063026, 0.998012, -1, 1.40726e-07, -1.57216e-07, 3.04132e-09, -0.998012, 0.0630259, -0.0309551, -0.479247, 0.858853)
bind/14/name = &"mixamorig_RightHand"
bind/14/bone = -1
bind/14/pose = Transform3D(4.81591e-08, 0.063026, 0.998012, -1, 1.40726e-07, -1.57216e-07, 3.04132e-09, -0.998012, 0.0630259, -0.0309551, -0.672247, 0.858853)
bind/15/name = &"mixamorig_LeftUpLeg"
bind/15/bone = -1
bind/15/pose = Transform3D(-0.995074, 0.0987887, -0.00363608, -0.0988551, -0.994375, 0.038031, 0.000120431, 0.0382049, 0.999266, 0.0674775, 0.481001, -0.00184706)
bind/16/name = &"mixamorig_LeftLeg"
bind/16/bone = -1
bind/16/pose = Transform3D(-0.753348, 0.0497956, -0.655691, 0.193322, -0.936292, -0.29323, -0.628521, -0.347675, 0.695756, 0.0522946, 0.271864, 0.178479)
bind/17/name = &"mixamorig_LeftFoot"
bind/17/bone = -1
bind/17/pose = Transform3D(-0.966822, -0.233088, 0.104302, 0.239832, -0.688757, 0.684163, -0.0876436, 0.686501, 0.721827, 0.169924, 0.159683, -0.12887)
bind/18/name = &"mixamorig_LeftToeBase"
bind/18/bone = -1
bind/18/pose = Transform3D(-0.883583, 0.137089, 0.447726, 0.451825, -0.00112331, 0.892086, 0.122798, 0.990558, -0.0609513, 0.0839237, -0.267983, -0.0138226)
bind/19/name = &"mixamorig_LeftToe_End"
bind/19/bone = -1
bind/19/pose = Transform3D(-0.883586, 0.13707, 0.447727, 0.451825, -0.0011234, 0.892086, 0.122781, 0.990561, -0.0609422, 0.083924, -0.408081, -0.0138209)
bind/20/name = &"mixamorig_RightUpLeg"
bind/20/bone = -1
bind/20/pose = Transform3D(-0.995142, -0.0981125, 0.0036641, 0.0981804, -0.994431, 0.0383083, -9.39711e-05, 0.0384837, 0.999255, -0.0678147, 0.48084, -0.00497346)
bind/21/name = &"mixamorig_RightLeg"
bind/21/bone = -1
bind/21/pose = Transform3D(-0.979562, 0.200864, -0.00782337, -0.200657, -0.979433, -0.0211084, -0.0118812, -0.0191071, 0.999743, -0.160226, 0.287484, 0.0119441)
bind/22/name = &"mixamorig_RightFoot"
bind/22/bone = -1
bind/22/pose = Transform3D(-0.967629, 0.201653, -0.151617, -0.251582, -0.726899, 0.638992, 0.0186589, 0.656471, 0.754118, -0.160305, 0.149729, -0.147479)
bind/23/name = &"mixamorig_RightToeBase"
bind/23/bone = -1
bind/23/pose = Transform3D(-0.887833, -0.0895184, -0.451345, -0.453013, -0.00152486, 0.891483, -0.0804928, 0.995984, -0.0392013, -0.0845011, -0.266261, -0.00982169)
bind/24/name = &"mixamorig_RightToe_End"
bind/24/bone = -1
bind/24/pose = Transform3D(-0.887834, -0.0895026, -0.451346, -0.453013, -0.00152494, 0.891483, -0.0804788, 0.995986, -0.039194, -0.0845012, -0.406058, -0.00982035)
